10 4 10  5.6396 0.9147
13 4 12  6.4057 1.0140
16 5 14  7.0386 1.0882
20 5 16  7.7404 1.1642
25 5 16  8.4613 1.2350
32 6 19  9.2804 1.3101
40 6 19 10.0377 1.3700
50 7 21 10.8046 1.4275
63 8 21 11.6190 1.4851
79 8 25 12.4287 1.5345
100 9 24 13.2811 1.5852
126 10 26 14.1306 1.6306
158 10 26 14.9698 1.6712
200 11 28 15.8505 1.7121
251 11 29 16.7081 1.7494
316 12 30 17.5834 1.7803
398 13 31 18.4641 1.8109
501 14 34 19.3483 1.8398
631 15 34 20.2415 1.8669
794 15 36 21.1398 1.8906
1000 16 36 22.0410 1.9165
1259 17 36 22.9464 1.9351
1585 18 38 23.8498 1.9567
1995 19 39 24.7649 1.9747
2512 20 41 25.6779 1.9898
3162 20 40 26.5921 2.0087
3981 21 42 27.5134 2.0254
5012 22 43 28.4388 2.0399
6310 23 43 29.3603 2.0565
7943 24 45 30.2889 2.0678
10000 25 46 31.2185 2.0799
