10 1 5  3.6680 0.6995
13 2 7  4.6671 0.7889
16 2 8  5.6671 0.8688
20 3 10  6.9989 0.9660
25 4 13  8.6678 1.0743
32 6 16 10.9970 1.2121
40 7 19 13.6692 1.3507
50 10 24 16.9979 1.5059
63 13 29 21.3340 1.6880
79 18 35 26.6638 1.8861
100 23 44 33.6620 2.1186
126 31 53 42.3303 2.3775
158 40 64 52.9942 2.6594
200 52 80 67.0028 2.9889
251 68 100 83.9987 3.3507
316 87 123 105.6610 3.7561
398 113 152 132.9943 4.2104
501 146 189 167.3329 4.7240
631 186 238 210.6705 5.2979
794 237 293 264.9925 5.9409
1000 302 364 333.6633 6.6689
1259 382 458 419.9879 7.4811
1585 486 570 528.6655 8.4022
1995 616 715 665.3311 9.4187
2512 787 888 837.6626 10.5744
3162 997 1111 1054.3432 11.8558
3981 1262 1395 1327.3409 13.2946
5012 1598 1750 1671.0024 14.9376
6310 2020 2179 2103.7030 16.7642
7943 2562 2729 2647.9894 18.7925
10000 3235 3431 3333.6712 21.1021
