10  5.0395 0.3574
13  5.5031 0.4004
16  5.8791 0.4302
20  6.2908 0.4598
25  6.7087 0.4854
32  7.1775 0.5111
40  7.6051 0.5297
50  8.0336 0.5457
63  8.4839 0.5604
79  8.9275 0.5734
100  9.3922 0.5866
126  9.8481 0.5956
158 10.2977 0.6046
200 10.7655 0.6124
251 11.2163 0.6186
316 11.6753 0.6247
398 12.1341 0.6272
501 12.5930 0.6314
631 13.0530 0.6341
794 13.5127 0.6370
1000 13.9728 0.6394
1259 14.4326 0.6405
1585 14.8924 0.6416
1995 15.3523 0.6428
2512 15.8139 0.6443
3162 16.2729 0.6442
3981 16.7340 0.6460
5012 17.1937 0.6457
6310 17.6551 0.6470
7943 18.1158 0.6475
10000 18.5764 0.6480
