10  3.4434 0.3932
13  3.8495 0.4312
16  4.1840 0.4571
20  4.5554 0.4828
25  4.9371 0.5048
32  5.3705 0.5271
40  5.7703 0.5429
50  6.1743 0.5566
63  6.6027 0.5693
79  7.0278 0.5806
100  7.4761 0.5924
126  7.9184 0.6003
158  8.3565 0.6084
200  8.8143 0.6154
251  9.2570 0.6211
316  9.7090 0.6267
398 10.1620 0.6288
501 10.6161 0.6327
631 11.0721 0.6352
794 11.5285 0.6378
1000 11.9858 0.6400
1259 12.4433 0.6411
1585 12.9012 0.6420
1995 13.3595 0.6431
2512 13.8198 0.6445
3162 14.2777 0.6444
3981 14.7380 0.6461
5012 15.1969 0.6458
6310 15.6577 0.6471
7943 16.1180 0.6476
10000 16.5781 0.6481
